340223193008144613
340223194001100022
340223193109140013
340223194302040027
340223194307250015
340223193603010011
340223194002230013
340223193612083212
340223193504221817
340223194810140024
340223194901180523
340223195101021828
340223194008104632
340223194011010039
340223195306210024
340223195205158124
340223195408170043
340223195409180040
340223195502060027
340223194908100012
340223195510250023
340223195610010043
340223194705192236
340223194705293811
340223195708030026
340223195210060017
340223195212100019
340223195807057822
340223195307260015
340223195311241829
340223195207218127
340223195409206722
340223195910180028
340223195411300021
340223194910115416
340223195411180023
340223194911081115
340223196002132826
340223196003150022
340223195503090025
340223195804227427
340827195911020526
340223195504010023
34022319591206002X
340223196006300022
340223196007202328
340223196008160529
340223196008197428
340223195009239015
340223195109010517
340223195010050017
340223195011125834
340223195611077127
340223195708142829
340223195601058424
340223195311172843
340223195406234429
340223194710271414
340223195312102820
340223194911192210
340223195008220056
340702195702280521
340223195708022827
342821194909152414
340223195701181120
340223195702157122
340223195809233826
340223195501262823
340223195407150040
340223195801106128
34022319580703222X
340223195508032828
340223195903262228
340223195408012520
340223195307257449
340223196003246120
340223195612280549
340223195711281424
340223195405018126
340223194702102215
340223195311201122
340223194509261839
34022319560502642X
340223195702192323
340223195608200024
340223195602080025
340223195805260026
340223195701010022
340223194912012314
340223195101215825
340223195211127447
340223193512263224
34022319560430052X
340223194109182525
34022319450506001X
340223195408022227
340223194411081821
340223195311213529
340223194511041448
340223195412041842
34022319541014184X
340223195608112825
340223194704032214
340223195603242225
340223195502062524
340223195111142228
340223195409208429
340223195211076125
340223194308019026
340223195512252823
340223194512161425
340223195805257820
340223195907180828
340223195804300022
340223194304200020
340223194610051123
340223195001122832
340223195505087129
340223195409291429
340223195806187422
340223195607191429
340223195508200027
340223195107050048
340223195612166121
342821195610142427
340223195611130848
340223194709113240
34022319470602463X
340223193811093819
340223195010111115
340223195707167426
340223194411240028
340223192102210029
34022319570904282X
340223194802105448
340223195901286429
340223194211078716
340223195504041823
340223195311112525
340223194808254428
340223195808292525
340223194707285428
340223195705117126
340223195112254643
340223195003295438
340223195606062860
340223195609012826
340223194906073217
340223194303087513
340223195908034128
340223196008170022
34022319570617742X
340223195602222820
340223194211200021
340223196006101824
340223195409162547
340223195103212847
340223195807011429
340223195808142324
340223194908204436
340221194903041030
340223195601112849
340223195706302825
340223195502112229
340223195106168124
340223195108010021
340223195710066722
340223195007161410
340223195512138721
340223195512032222
34022319500108811X
340223196003255123
340223195709216420
340223195702131125
340223195706127422
340223195712221124
340223195710200020
340223195611161126
340223195808015827
340223195809115424
340223195406232546
340223195707042228
340223195603280520
340223195601190847
340223195706277420
340223196008112228
340223195502165427
340223195803255426
340223195212278423
340221195402241004
340223195502110020
340223195710180023
340223195408042527
340223195408131124
340223195704125423
340223195502114144
340223195505285424
340223195404102844
340223195501101827
340223195708183823
340223195805057423
340223195611173223
340223195601018123
340223195602100823
340223195605118121
340223195601192826
340223195010062819
340223195609012527
340223195705138429
340223195605048426
340223195709041421
340223195904125823
340223195409178725
340223195010156110
340223195606202229
340223195711283825
340223195702136727
340223195608198729
340223195704163227
340223195709148720
340223195711012224
342822195708141445
340223195901142521
340223195502237849
340223195703143822
340223195701192823
340223195503152222
340223195501101448
340223195706052520
340223195412041826
340223195008166117
340223195903012827
340223195603222523
340223195402156144
340223195712201422
340223195712190823
342529195608276842
340223194903057115
340223195510112528
340223195508241822
340223195708145421
340223195809282222
340223195604125426
340223195509112520
340223195701192225
340223195507028421
342622195610147725
340223194903065115
340223194905285816
340223195908271123
340223194904063816
340223195605076742
340223195402272225
340223195603230021
340223195612212220
340223195507122223
340223195601112822
340223195405178429
340223195409142829
340223195604092820
340223194904032518
340223195510252520
340223195608264124
34022319561101672X
340223194808111814
340223195509251846
340223195706147829
340223195610140825
340223195707254124
340223195708180526
340223195611202223
340223196005200548
340223195301062229
340223195405302522
340223195802171124
340223195901131822
340223195403201824
340223195606026720
340223195701172224
340223195702192227
340223195708272527
340223195802012529
34022319501221111X
34022319551102284X
340223195608044148
340223195501076123
34022319551201442X
34022319560921222X
340223195707302528
340223195611092220
342823195002247017
340223195707178141
340223195406174120
340223195606182221
340223195612134648
340223195610281425
340223195605021127
340223195712026126
342529194903022218
340223195302074627
340223195811148129
340223195704300025
34022319560918082X
340222195707242928
340223195709095841
340223195510291140
340223195007042817
340223195411032821
34022319580202284X
340223195310097423
340223195308080841
340223196010156721
340223195702085421
340223195611255421
340223195002111115
340223195506014124
340223195512022526
340223195911062525
340223193411152525
340223195802065428
340223195512068727
34022319370604322X
340223195104054625
340223194710113846
340223196008015428
34022319381024542X
340223195810086720
340223195601275824
340223195001128118
340223195510044123
340223194903084113
340223195808051422
340223195008266425
340223195412145123
340223195609267124
340223194303282829
340223194910086117
340223195612107121
340223195108132520
340223195202166129
340223195301030040
340223195701032221
340223195309117124
340223194301315818
340223194301124421
340223195603075420
340223195707282221
34022319560523582X
340223195206131142
340223196004042226
340223195103092224
340223195007252515
340223195708092526
34022319560813512X
34022319490315541X
340223194810116139
340223195701142527
340223194909024648
340223195004103223
340223194903046117
340223194406070028
340223195912130024
34022319600719222X
340223194411264628
340223194712135416
340223195210161440
340223194911188115
340223194806232815
340223194705055418
340223194405177819
340223195412270047
340223195202183527
340223194710212588
340223195401018460
340223195612297420
340223195611014644
340223195411208129
340223194703034648
340223194312132515
340223194302146112
34022319481204612X
340223195503046120
340223195312052528
340223194908146117
340223195008272227
340223194307222524
340223194912152819
340223195811136726
340223195407085840
340223195303300825
340223195310112224
340223194603114122
340223194703047422
340223194802208420
340223194701098410
340223195808226122
340223195710090028
340223195704297428
340223195710253528
340223195401287441
340223195705138445
340223195711128147
340223195801211825
340223195203145426
340223195602042221
340223195011122510
340223195508082227
340223195412130028
340223195203201125
340223195612255829
340223195706255125
340223195007233218
340223195605108740
340223195005138110
340223195708226125
340223195601052567
340223194108240025
340223195605088727
340223195612156126
340223195709202520
340823195402127020
340223195609241426
340224195508154426
340223195701226448
340223195512171820
34022319490704221X
34022319570703712X
340223195701120045
340223195504052223
340223195701303220
340223194912127816
340223195603186729
340223195008048727
340223195208100825
34022319560608324X
340223195302212225
340223195907263228
340223195610160025
34022319570202846X
340223195510172221
340223195903195125
34022319570316712X
34022319571020112X
34022319490713742X
34022319470812612X
340223195304230021
340223195511102567
340223196001212525
340223194711267417
340223195410202526
340223195405090822
340223195712066742
340223194510178127
340223195510292549
340223196001281424
340223194002290825
34022319511026782X
340223195602282540
340223196007102220
340223195405072229
340223195604017425
340223195007175425
340223195302170045
340223195607070029
340223195610210045
340223195908260029
340223195605254625
342529195403313822
340223195609231869
340223195210143226
340223195809151425
340223195808105160
340223194704152515
340223195412168720
340223195707111422
340223195405103224
34022319560107714X
340223195002162318
340223195502111824
340223195908244125
340223195703251444
340223195705274420
340223195705315421
340223195606206123
340223194907288711
340223194911042511
340223195607084666
340223195304043242
340223195507102521
340223195212287127
340223194312104629
340223195011082846
34022319600209222X
340223195603025423
340223195406225426
340223194005262811
340223194901146122
340223195703201826
34022319570208252X
342821195409192422
34022319540212082X
340223195502037820
340223196008266120
340223195410152565
340223195012272211
342623195504100620
340223195307185422
34022319521213004X
340223194912204615
340223195302084622
340223195412204445
340223195005091818
340223194909155832
340223195410231124
340223195507242524
340223194810212534
340223195011136111
340223195510069021
340223195408134122
34022319540607842X
340223195509231423
340223195507312828
340223195408029023
34262319551214712X
340223195511212221
340223195412015820
340223195404208729
34022319490122141X
340223195409126140
340223195002105110
342529195404172224
340223195310275429
340223195208048721
340223194911232518
340223195509072223
340223195310142220
340223194909081458
340223195001145815
340223194910202536
340223195509170827
340223195510042224
340223195504018447
340223195512240048
340223195511038446
340223195511200044
340223195501195122
34022319550307712X
340223195011072517
34022319551223182X
340223194806171119
340223195411078424
34022319540515542X
340223195506128121
340223194811214611
340223195411292543
340223195310171822
340223195402172822
340223194907102534
340223194803032535
340223195509152821
340223195408302229
340223195410080522
340223195509203828
340223195005282833
34022319540224112X
340223195010014614
340223195409147822
340223195503022225
340223195501071429
34022319550705542X
340223195312307842
340223195503158448
340223194912155438
340223195505156745
340223195509293229
340223195509090827
340223195508182228
340223195509022226
340223195402152223
340223195403140523
340223195001072214
340223195408062229
340223195509027828
340223195510159027
340223195502014127
34022319540503672X
34022319530430182X
340223195405195122
340223195403215820
340223195309228449
340223195510130021
340223195402062228
340223195401092521
340223195007242210
340223195007081437
340223195506122221
340223195010292817
340223195403144129
340223195303155824
340223195503105127
340223194911114634
340223195512153227
340223195007192217
340223194911134619
340223195508282843
340223195411280825
340223195404155129
340223195502011428
340223195506184123
34022319550423182X
34022319551005222X
34022319540512544X
340223195010276112
340223195402216127
340223195411021129
340223195402090042
340223194810114416
340223195401132829
340223195508104641
340223195509056127
340223195308052824
340223195404015468
340223194804098712
340223195510071420
340223195010126114
340223194809232212
340223195008108419
340223195004082514
340223195307038123
340223195407022321
340223195511166720
340223195001032511
340223195504028725
340223195411089027
340223195011145413
340223195308010026
340223195512090043
340223195408032521
340223195405083825
340223195004061115
340223194810038716
340223195010186117
340223195511285463
340223195502241426
340223194801180518
340223195309220543
340223195510230022
34022319560102462X
340223195510155421
340223195511051827
340223195007202219
340223195408042324
340223194905167115
342822195409101822
340223195006071413
340223195309275421
340223195612060028
340223194907058131
340223195604020026
340223195311146127
340223195705058728
340223195706250041
340223195302203820
340223195512177421
340223195512048726
340223195509202825
340223194808092211
340223195708260040
340223195503156741
340223194907134616
340223195402088727
340223195012272238
34022319501212143X
340223195312166146
340223195611160027
340223195701100028
340223195410151423
340223195003191436
340223194810092210
340223194909102212
340223195305051842
340223195410247222
340223195506045422
340223195508245428
340223194910251119
340223195101098737
340223195101137417
340223195101012219
340223196101128427
340223195101225417
340223195101266710
340223195102180011
340223196102288422
34022319510204321X
340223195102012819
340223195102195416
340223195102236417
340223195103037110
340223195103032213
340223195103152215
340223195104212216
34022319610507004X
340223195105116111
340223195106146718
340223195106128114
340223196107221120
340223196107016127
340223196107204128
340223195107215818
340223196107162829
340223195107104157
340223195107108713
340223195107083835
340223195107110813
340223195107303818
340223195107145418
340223195107292813
342822195108181814
340223196108137422
34022319510818841X
340223195106091411
340223196104050522
34022319510913283X
340223196109220025
340223196106213225
340223195109182511
340223196109250021
340223195109163556
340223195109247434
340223195109243839
340223195109255119
340223195109021419
340223195109252815
340223195109122236
340223195109212215
340223195110201134
340223196110140022
340223195110100050
340223196110112240
340223196110042844
340223195110061418
340223196110108428
340223195110188718
340223195110276718
340223195110092118
340223195110298730
340223195110151157
340223195110134613
340223195110048715
340223195111112811
340223195111183812
340223195111057816
342529196111092225
340223196111063524
340223195709115427
340223195708165422
340223196112271448
340223195112051432
340223195112172218
340223196112030521
340223195112290839
340223195112182838
340223195112285415
340223195112244410
34022319570830842X
34022319511221465X
34022319511206281X
340223195112272219
340223196201084644
340223195201045413
340223195201081115
340223196011278122
340223195201072518
340223195201277812
340223195201233836
340223195202035110
340223196202255425
340223195202292811
340223195202075411
340223196202080020
340223196202260021
320223196202054726
340223195202023216
340223196202152223
340223195202152819
340223195202117810
340223196202088428
340223196202210024
340223195203291810
340223196203032864
340223195203142313
340223195203161813
340223195203045417
340223195203026734
340223196204065123
340223195204022815
340223195204122832
340223195204272814
34022319520416221X
342623195205158179
34022319620514144X
340223195206076710
340223195206012215
340223196206200026
340223195206155419
340223196206086120
340223195206012813
340223196206117820
340223196206152829
340223195206090010
34022319520424221X
340223195207211419
34022319620710006X
340223196207215422
340223196207225129
340223195207263817
340223196207277826
340223196207120028
340223195206182214
340223195206228112
34022319520824081X
340223195208232836
340223196208063520
340223196208243820
340223196208162545
340223196208302827
340223195208101430
340223195208031110
340223196209151442
340223196206212545
340222195208165438
340223196209176447
340223195208297410
340223196209230845
340223196209170088
340223195208084116
34022319620925322X
340223196208122244
340223195209240811
340223196209060022
340223195208260511
340223196209275429
340223196208285828
340223195209248434
340223195209252812
340223196109240026
340221196210091261
340223195209181452
340223196207212248
34022319520916111X
340223195210235411
340223196209303821
340223196208227169
340223196209036129
342529196210042821
340223196210060521
340223195210012218
340223195210112219
340223195210272239
340223196210232848
340223196210092822
34022319521009281X
340222196210152948
340223196210150543
340223195210300834
340223195210152237
340223195210272255
340223195211048714
340223196211052320
340223195211206110
34022319580810642X
340223196210181825
340223196211015829
34022319621124324X
340223195208048115
340223196211123862
340223196210082528
340223195211120819
340223196211170044
340223195211262219
340223196210122542
340223196210247222
340223196211211846
34022319621116842X
340223196211103220
340223195212188110
340223196212315444
340223196212087867
340223195210110037
340223195806095122
340223196212156762
340223195212038438
340223196212088448
34022319521230613X
340223195212134411
340223196212056120
340223195809067426
340223195212201119
340223196212190047
340223196212300541
340223196212242521
340223195401040019
340223196212202247
340223196212060023
340223195212302219
340223196211112522
340223195301288113
340223196301280044
340223195211177436
340223196301080026
340223196301162822
340223196212185424
340223196301042222
340223195301118413
340223196212252826
340223196301110045
340223196301282242
340223195209168418
340223196301197443
340223195302214415
340223196302102223
340223195211072511
340223195302101410
340223195301035810
340223196302140561
340223196212146126
340223196302026128
340223196302181427
340223195302270871
340223196302190104
340223196302035489
340223196302012228
340223196302072220
34022319630206612X
34022319630215084X
340223196210037241
340223195303151815
340223195809280825
340222196206150026
34022319530301671X
340223195303076114
340223196303242228
340223196303140029
340223196302150065
340223195805196124
340223196303026728
340223195303041413
340223196303060045
340223196303037427
340223196303172522
340223195303026731
340223195303127815
340223195303250039
340223196303191862
340223196304213226
340223196304290029
340223196204031425
340223196304095469
34022319630401872X
340223195409262214
340223196304084428
340223196304100061
340223196304298741
340223196304057825
340223196304152224
340223195303071110
340223196304145446
340223196304135125
340223196304150042
340223196304221840
340223195304244618
340223195304076116
34022319630405224X
340223195304102310
34022319630411712X
340223196305225122
340223196304256146
340223195305225419
340223196305058424
340223195305122217
340223196304118720
340223196304282221
340223195502152220
340223196305075427
34022319630516282X
340223196305052540
340223195305254631
34022319630324010X
340223196305099023
340223195305101133
340223195305222816
340223195305051818
340223196305022229
340223196306186129
340223195306098714
340223195306130016
340223195211267458
340223196306251429
340223195306268410
340223195302214116
340223195306211115
340223195306226114
340223195806110011
340223196303056126
340223195307148111
340223196307123226
340223196307096723
340223195307307418
340223196307035824
340223195307152815
340223196307236124
340223196307106127
340223195307172592
340223196307090081
340223196307225425
340223196307307420
340223196307080027
340222196206133867
340223195307091813
340223196307270082
340223196309220062
34022319620901224X
340223195308192210
340223196308232862
340223196308072600
340223196206065426
340223196308175423
340223195308285839
34022319630816584X
340223195308219014
340223195308059014
340223196308110523
340223196308122225
340223195306212812
340221195308011018
340223195308210036
340223196308080029
340223196308291440
340222196308170546
340223195702194636
340223195306254617
34022319631008642X
34022319621219614X
340223196308210049
340223195308196414
340223195308120815
340223196308030021
340223196304048224
340223195310010017
340223196308101424
340223196310170023
340223195309053810
340223195308178718
340223195706107122
340223196309282829
340223196309150543
340223196309112520
340223196308282245
340223195309271439
340223196309124425
340223195806302822
340223196309222826
340223195309191818
340223196309081445
340223195309124113
340223195309200016
340223195309093214
340223196309033224
34022319630901324X
340223195309032518
340223195309090013
340223195309162216
340223196309232848
340223196309081429
340223195310162213
340223196310102549
340223196309215845
340223196310192548
340223195310312218
340223196310071826
340223196310112827
340223196310171421
340223196310085443
340223196310188442
340223195309057416
340223195309232210
340223196810050028
340223196310240028
340223196311110049
340223196310210048
340223196310260520
340223195309191834
340223196307103823
340223195310255815
34022319631006612X
340223195310174134
340223196310302380
340223195310102237
340223195310292835
340223195310282215
340223196310228125
340222196310120601
340223195310097810
340223195310032515
340223196310132529
340223195310091814
340223196309292525
34022319631024052X
340223196309160047
340223196309080020
340223196310242525
340223196311046462
340223196311304126
340223196302206129
340223196311110081
340223196311260020
340223195311233810
340223196311180047
34022319531104143X
340223196311022540
340223196311283820
34022319631124002X
340223196311251423
340223195304100016
34022319631015252X
340223195311052219
34022319531109251X
34022319531121541X
340223196311050023
340223196311250025
340223196311235482
340223195310138715
340223196311290545
340702196311212083
34022319631108352X
340223196312190028
340223196312225446
34022319531009111X
340223196312312224
340223196312318722
342529196303186648
340223195312176117
340223196210012220
340223196312232523
340223196312212223
340223196312262829
340223196312072224
340223196312018420
340223195312072318
340223196312232224
340223196312022323
340223196312137120
340223196312012520
340223195312290016
340223196312067441
340223195312011814
340223196312282221
342821195312062410
340223196312112521
340223196312112548
340223196312133242
340223195812040056
340223196312180022
340223195312182234
340223195312222531
340223196312300020
340223195312252212
340223195401052511
340223195401142218
340223195312271114
340223196401122828
340223196401091822
340223196401124647
340223195401076118
340223195401300810
340223195312172810
340223195401160010
340223196401260024
340223196312231141
340223195401278115
340223196311292321
340223195401041118
340223195401052837
340223196401145448
34022319640114252X
340223196401171822
340223196401225827
340223196401194127
340223196401152541
340223196401242221
340223196401116145
340223196401262329
340223196401282864
340223196401062829
340223195401152854
340223196401200048
340223196312156727
340223195401232213
340223196401142220
340223196401164649
340223196309052521
340223195401166738
340223196412124626
34022319640117744X
340223196401067427
340223195401270519
340223195401175837
340223196311142542
340223195401032238
340223196401150028
340223195401102515
340223196402263227
340223196402127428
340223195402212214
340223196402210045
340223196402092245
340223195302080031
34022319540227671X
340223196402290022
340223196402166427
340223196312306123
340223196402178145
340223196402252229
340223195806090014
34022319640226182X
340223196403300042
34022319640130842X
340223195402269018
340223195312027138
34022319630602842X
340223196312122244
340223195809080815
340223196402272545
340223195402022314
340223196312047424
340223196402283244
340223196310050021
34022319540211231X
340223196401287462
34022319540203813X
340223195403240030
340223196403120041
340223196403105124
340223195403012214
340223196403050047
34022319640308612X
340223196403067420
340223196403214128
340223196403125424
340223195403268113
340223196403092829
340223196403031129
340223195402168137
340223196403230021
340223195403267137
340223196403042848
340223196403030046
340223196403080027
340223195403062553
340223196403250022
340223196403046128
340223195403264112
340223195403232516
340223196403069020
340223195309112817
340223195403282230
340223196403223227
340223195404206117
340223196404105425
340223196404242825
34022319640401542X
340223196404032326
340223195404127814
340223196402192529
340223196404225822
340223195311107419
340223196404061469
340223195312162217
340223195404021833
340223196404152221
340223196404302226
340223195404176114
34022319640418352X
340223196404187424
340223196402172827
340223196404043228
340223195404098435
340223196404236724
340223195401172812
340223196404260847
340223196303231844
340223196403143243
340223195404116111
340223195308012515
340223195405162216
340223196404165145
340223195405021819
340223195405080018
340223196405042825
34022319540211741X
340223195405244115
340223195405150012
340223195405260035
340223196405190027
34022319640515742X
340223195403075119
340223195403252816
340223196405138421
340223196405202542
340223196401272543
34022319640509182X
340223195405187413
340223195406120018
340223196406292826
340223195406072810
340223196405116425
340223196406255849
340223195403290038
340223196406266724
340223196406050026
340223196406232225
34022319540427251X
340223195406052510
340223195406130013
340223195406271430
340223196401058125
34022319550615221X
340223195406253216
340223196406200020
340223196406051125
340223195406200034
340223196406075848
340223196406012820
340223196006058424
340223195406158411
34022319640712252X
340223196405062228
340223196308236126
340223196407076121
340223195407118112
340223195407088419
340223196407146126
340223196407088421
340223196407076148
340223196407112321
340223196407236121
352121196407280048
340223196406012863
340223196407205448
340223196406298128
340223195305142816
340223195407273219
340223195407022313
340223196407132226
340223196407135128
340223196405102824
340223195407122816
340223196407157140
340223195407271811
34022319640630222X
340223196407235823
340223195407156135
340223195407120036
340223195407052213
340223196407110027
340223196407160542
34022319640707672X
340223195407210015
340223196407025420
340223196407300023
34022319540716811X
340223196407262821
340223195407254632
340223196408150020
340703196407310020
340223196404240045
340223196407221122
340223196408191447
340223196407030529
340223196408250021
340223195410274132
340223196408192845
34022319540805443X
340223195408072216
340223195408285115
34022319540724221X
340223195408116119
340223196408152245
340223195408015414
340223195408112214
34022319540810381X
340223196408084705
340223195409257431
340223196408317425
340223196407101120
340223195406256732
34022319640824254X
340223196309122323
340223196408150063
340223195408241817
340223195408052231
340223196408187122
340223195408250019
34022319540823051X
340223195406025133
340223196408121449
340223195409065114
340223195409266119
340223195408212813
340223196409042320
340223196409110020
340223196409192847
340223195408062210
340223196409082322
34022319640909282X
340223196409132828
340223196409200085
34022319640921222X
340223196409211120
34022319680911002X
340223195409261414
34022319640928512X
340223196409130021
340223195409160015
340223196409232546
340223196409050523
340223196409030020
340223196409212246
340223196409082349
340223195409156710
340223195408121436
340223196408172545
340223196409122320
340223196409062823
340223195409222319
340223196409165849
340223196409051120
340223195409046116
340223196408142901
340223196409043526
340223196406296122
34022319540805611X
340223195409216111
342524196410231545
340223195408312216
340223196401154168
340223196410098428
340223196410038126
340223195410286715
340223195410108150
340223195410304418
340223195409210019
340223196410162266
340223195410152557
340223196410280027
340222196410242622
340223196910170027
340223196410272828
34022319541004007X
340223196303104124
340223195410152231
340223195407282836
340223196406076744
340223196410250821
340221196410051002
340223196410121528
34022319541028287X
340223196410140526
340223196409088425
340223196410145423
340223195909141419
340223196410156747
340223196305282848
34022319641005146X
340223195410012511
340223196409106726
34022319640805352X
340223195410312311
34022319541013253X
340223196410102220
34022319641001284X
340223196410121827
340223196410161845
340223195410291151
340223196410092325
340223195410012837
340223195409242555
340223195409248738
340223195410152530
340223196410240041
340223195410042219
340223196410262224
340223196203091127
340223195410032213
340223195410274116
340223196409173822
340223195409107118
340223196410054126
340223196410210061
34022319540928611X
340223196410088449
340223196411182568
34022319541125781X
340223196411112228
340223196411302224
340223196411290024
340223195412185416
340223195411270037
340223196410173221
340223196412270025
340223196411210821
340223196411057126
340223195410080813
340223195407040810
340223196411157127
342529196411082221
340223196411012825
340223196411072326
340223195411122210
340223196411130047
340223196411251826
340223196411210047
340223196411155826
340223196411176723
340223195411031810
340223196411142224
340223195411172816
340223196410307445
340223195411080014
340223196409214620
34022319541119111X
340223196411215825
340223195411292818
340223195411092517
340223196411110521
340223196411052827
340223196411152326
340223195411153519
340223195411248112
340223195411032215
340223195411102316
340223195411290038
340223196411176125
340223195411294418
340223195411152815
340223195408153219
340223196412282528
340223196412086420
340223195412052832
340223195411226714
340223196412127122
340223195512258117
340223196412100122
340223195412111433
340223196412058729
340223195410152311
34022319641207282X
340223195412174119
340223196410162821
340223196412212829
340223195412302838
340223196412162227
340223195412253212
340223196412120027
340223195410062818
340223196412150066
340223196412230066
340223196412224686
340223196412242227
340223195412122810
34022319541109781X
340223196412238463
340223195412086733
34022319641109252X
340223196411306129
340223196412094121
340223195412034116
340223196412041126
340223196412310824
340223196411306727
340223195407272830
34022319641204612X
340223195412137115
340223196412292523
340223196412290026
340223196912170020
340223195412261415
340223196410200023
340223196011211120
340223195412052517
340223195412071435
340223195412062512
340223195412202212
340223195412167832
34022319541221001X
34022319541222223X
340223196412297148
340223196501015149
340223196412282325
340223196501046121
340223196412076126
340223195501233811
340223195412205835
34022319650131742X
340223196501115422
340223195501296118
340223195501202230
340223195412182813
340223196501292525
340223195501097856
340223195711110035
340223196501227424
340223196501104643
34022319641205252X
340223196501192524
340223196501232522
340223196501042323
340223196501028425
340223196501052820
340223196501122526
340223195501310012
340223196501191820
340223196501152821
340223196501177121
340223195501212236
340223195501012517
512222195501201390
340223195412041818
340223196410143823
340223196501208725
340223196501246123
340223195501200016
340223196501210024
340223195501082216
340223196304242529
340223196502140064
340223195411072858
340223196411276126
340223196812272847
340223196502141841
340223195412202511
34022319650202002X
34022319650220008X
340223196502258425
340223195502090015
340223195502062815
340223196403130020
340223195502152212
340223196501177420
340223196502216129
340223196103240025
340223195501084617
340223196502231126
340223196412042321
340223195502162816
340223196502220021
340223196502240540
340223196502161148
340223195502130013
340223195312272213
340223195502026136
340223196501062869
340223196502175427
340223196503040065
340223196503317124
340223196503170046
340223195503025119
340223196412112529
340223195503222219
340223196504050046
340223196503085423
340223195502040018
340223196503260025
340223196502067127
340223196503217422
340223196503192245
34022319650302142X
340223196503100021
340223196503240024
340223195503048417
340223196503142328
340223195506220016
340223195504076137
340223195502288419
340223196503122247
340223196503240067
340223196401202561
340223196503282224
340223196503097440
340223196411223841
340223196503284625
340223195502152511
340223196504282242
340223196406236728
340223196504057424
34022319650421782X
340223196504077425
340223195503022516
340223195707010015
340223196504021448
340223196007182224
340223196504121828
340223195504205410
340223196504162849
340223195504268411
340223195504265413
340223196504020023
340223196504167121
340223196504106126
340223195504122236
340223196504204121
340223195504092313
340223196310171448
340223195504200038
340223196504162865
340223195502062516
340223196504043823
340223196504021261
340223196503042247
340223196504055429
340223196412022224
340223195504032513
340223195504078714
340223195505312517
340223196505191123
34022319650514612X
340223195501252318
340223196505142524
340223196505044668
340223196505150022
34022319650501002X
340223195705192812
340223196311161460
340223196505200069
340223196505090023
340223195505260817
342601196505052241
340223195505222511
340223196312113823
340223196304018121
34022319650517282X
34022319650621282X
340223196506060045
340223195506234119
340223196505035841
340223196506064425
340223195505272519
340223196504021464
340223196506122840
340223196507210025
340223195708170010
340223196506080521
340702196507132042
340223195506058119
340223195506264115
340223195505292819
340223195506291113
340223195506290014
340223195506145810
340223196506288146
34022319681226613X
340223196409280062
340223195506062812
340223196506202322
34022319650610612X
340223196506181429
340223196504011821
340223195507222814
340223196507147425
340223196507222528
340223196507011122
340223195507207411
340223196506302243
342923196405181227
340223196507126122
340223196507285828
340223196507303221
340223196608280022
34022319650730008X
340223196507062843
340223195507182859
340223195507136115
340223196507250027
340223195507303219
340223195507020817
340223196507158423
340223196507180022
340223195507068714
340223195507206419
340223196508115441
340223195508012210
340223195508122532
34022319650816872X
340223195508046752
340223196506030823
340223196508050027
340223196508272826
340223195508292515
340223196508242520
340223196507056128
34022319550803003X
34022319550815813X
340223196508272228
340223195507307818
340223196508012522
340223195508028415
340223196508312840
34252919650825224X
340223196508117420
340223196508300049
340223195508261815
340223195508272813
340223196508132823
340223196508082221
34022319550811513X
340223196508160525
340223196508242221
340223196508160023
340223196508118423
34022319651109002X
340223195508122217
340223196508052823
34022319650819512X
340223196508086724
34022319550814001X
340223195509171838
340221196509021022
340223196509182822
340223195509081859
340223196509091445
340223195509092830
340223195509162237
340223196509072228
340223196509120066
34022319650915002X
340223195509186132
340223196509200824
340223196509060024
340223196206252643
340223196509261483
340223195509022517
340223196509113544
340223196507193827
340223195509025814
340223196509292327
340223195509016133
34022319650921744X
512222196509061403
340223196509172229
340223195509016117
340223195509162536
340223196509222329
340223196509268124
340223195509122518
34022319550902781X
340223196509192860
340223195509132214
340223196509017827
340223196509200023
340223196509046126
340223196408150565
34022319550924841X
340223196509010027
340223196510232540
340223196510275129
34022319550524741X
340223195510242816
340223196510052523
340223195510141839
340223196510051125
34022319651006812X
340223196510118748
340223196510150529
340223196509038126
340223196510252824
340223196510172226
340223196508026123
340223195510072837
340223196510118449
34022319651026784X
340223196510038123
340223196510022228
340223196510079021
340223196510290046
340223196510305826
340223196509260026
340223196510132849
340223195510100033
340223195609270032
34022319551009813X
340223195510172512
340223196510115467
340223196511052226
340223196511127128
340223196510010542
340223196511268422
340223196511266128
340223195511096419
340223196511258427
34022319651126232X
340223196511285126
340223196511130044
34022319551113741X
340223196511056120
340223195509220812
340223196511192827
340223195511202816
340223196511290048
340223196511112524
340223196511082329
340223195511078114
340223195511052213
340223196511050028
34022319551109611X
340223195509042534
340223195511280072
340223195511248718
340223196512166129
340223196512156166
340223196511196123
340223196611060063
340223196512181425
340223196512178728
340223196512084625
340223195510317435
340223195512256410
340223196512078129
34022319551214083X
340223196510255443
340223196106083520
340223196512208421
340223196512220025
34022319550103381X
340223196512032542
340223196512030029
340223196512260043
340223195512122818
340223196512170048
340223195512153219
340223196512152229
340223196502082546
340223196512156123
340223195512141111
340223195512070018
340223196512272220
340223196512058427
340223196512021843
340223195601071135
340223196601221820
340223196601048167
340223196601235122
340223196101038421
340223195512032812
340223196601174120
340223196601035120
340223196010083219
340223196601282543
340223196601062567
340223195601092833
340223195601283218
340223196602152820
340223196602088443
340223196602181488
340223196508287825
340223196602100529
340223196602208441
340223196602205128
340223196602040044
340223195602161810
340223196602156741
340223195602146119
340223196602192523
340223196602202525
340223195602045414
340223195610015813
522322196603230821
340223196603145825
340223196603110024
340223196602104626
340223196602102524
340223195603122231
340223196603288148
340223195603192811
340223196604046028
34022319560418221X
340223195604192813
340223196604095487
340223195604018110
340223196512162523
34022319660419002X
340223195604035439
340223195604246113
340223196604135442
340223196605255825
340223196605275826
340223195603270816
340223195605261112
340223195605100837
340223196605290022
340223195605260013
340223195506262216
340223195605250034
340223195605081410
340223196604305843
340223196605180026
340223195605284613
340223196606120068
340223195607244658
340223196606038726
340223196606244124
340223196606186729
340223196606025829
340223196607290528
340223196603133525
340223196607276128
340223195606054617
340223195607237415
340223196607071421
340223196607105126
340223195606251418
340223196607071165
340223195607152817
340223195607159031
340223195607070053
34022319660708322X
340223196607185429
340223196607281269
340223196607131842
340223196608128426
340223195608150012
340223196608250843
340223196608101821
340223196608128442
340223195608103216
340223195607281416
340223195608150530
340223196608134420
340223196608203529
340223195608147817
340223196609071425
340223196609210528
340223196303051122
340223195609198413
34022319560916511X
340223196609291460
340223196609270520
340223195609267415
340223195609103218
34022319570328182X
340223196610283820
340223196610115149
340223196601041424
340223196610125128
340223195609035112
340223196609146140
340223195610160519
340223196610184160
340223196610198722
340223196610084127
340223196610055123
340223196610307482
340223196610132520
340223196610256128
340223196610027421
340223196611260049
340223195611110038
340223196611210041
340223195002135125
340223196611298442
340223196611086124
340223196611281149
340223196611180524
340223196611136144
340223196611201129
340223195611155113
340223196611106121
340223196611132848
340223196611065841
340223196611236129
340223195611060034
340223196611286142
34022319661102322X
340223195611055411
340223196611270060
340223196612225165
340223196612055848
340223196612181123
340223196612013242
340223196612095129
340223196612190046
340223196612073528
34022319661227512X
340223196612081421
340223196612282389
340223196612213842
340223196612071426
340223195612096119
340223196612178426
340223195612194616
340203196612190227
340223195612125418
340223195701186415
340223195701163213
340223196702020024
340223196702155121
340223196605156149
340223196802170046
340223196703208440
340223196703043228
340223195703120014
34022319670315354X
340223196704030023
340223195704065117
34022319670417182X
340223196704096727
340223196704181825
340901196704022023
340223195804110018
340223195704193215
340223195705295117
340223196703256047
340223195705290519
340223196705155127
340223196705240049
340223196205300017
340223196705124128
340223195705051112
340223195706271811
340223195706010056
34022319570604781X
340223196707160528
340223195707080515
340223195707060039
340223195707042316
340223195708278419
34022319570823183X
340223195708020012
34022319620814462X
340223196709240521
340223195711077415
340223196711092548
340223196209205826
340223196301175447
34022319630704582X
340223195404295412
34022319560205541X
340223196303155124
340223196409275124
340223195006066171
340223195207126716
340223195412217115
340223196510096147
340223192512280038
34022319421020002X
340222195712060045
340223195510262366
340223196306184123
340223196508080023
340223195405012226
340223196401266127
340223196405130040
340223196301080042
340223195310030026
340223196310300027
340223196409080044
340223196503110043
340223196503162521
340223195109031844
340223194801210019
34022319480409181X
340223195109100053
340223195107018435
340223195109014411
340223195110200836
340223195304214419
340223196309143247
340223196407023521
340223195410058413
340223195411192817
340223195501045415
340223195504034615
340223195508124116
340223196404070023
340223195503070040
340223192811244627
340223193303138419
340223193406085110
340223192702020018
34022319421209411X
340223195410298126
340223194606030020
340223195301180022
340223195612020026
340223196301066128
340223196302116123
340223196307152844
34022319571112842X
340223196509077424
340223196410155824
340223196511061827
340223196504082347
340223196001062221
340223195312212210
340223195206300057
340223195511054630
340223194703202250
340223195608116121
340223195208302515
340223196309162528
34022319640308006X
340223196401082520
340223196410062222
340223195507072211
340223195507032236
340223195509022218
34022319561112611X
340223195209047835
340223196406157448
340223195509257818
340223193010250028
340223192704020011
340223194106100029
340223194312288712
340223195506010027
34022319651014812X
340223195602170012
340223195512128128
340223195106152210
340223196502020062
340223194109040519
340222194707276920
340223194411242533
34022319441203463X
340223194504291414
340223194702222815
34022319271208463X
340223194406114641
340223193804024612
340223195707200046
340203195512262102
340223193307206722
340223193208296718
340223193812066740
340223195505054626
340223194711074631
340223193305260020
340223194011160010
340223194409020018
340223193401086739
340223193104030026
34022319421004002X
340223193803210026
340223193001023229
340223194606253216
340223193604090025
340223194709155811
340223191810100029
340223193307035417
340223193508105418
340223194011108124
340223194604150029
340223196804290017
340223194312282310
340223191909010023
34022319421206464X
340223193109015423
340223194304130026
340223194609160525
340223195008133227
340223194708010020
340223192909190022
330602193611101528
340223193408010024
340223194811170022
340223194707160027
340223195609016122
340223192502234126
340223192606183212
340223193306250019
340204192706070320
340223192310030014
340223193807152513
340223193701082510
340223193910020041
340223195203080044
340223194206010514
340223195402132249
340223193211280020
340223194001020014
340223194111140017
340223194212200015
340223194411030012
340223194306210038
34011119320905105X
340223193409281416
340223193211101117
340223193304150022
340223193005030012
340223193812242214
340223195003192228
340223195510242525
340223195304188126
340223192704016717
340223192211190012
340223193007130041
340223194912220068
340223193204046412
340202192405111018
340223195012040031
340223195206200013
34022319691002007X
340223194810100014
340223195402200037
340223192905180011
340223195610020022
340223194508098419
340223193612210015
340223192809190025
340223192803130048
340223193008260024
340223192606240029
340223193411210027
61232719550228036X
340223194504282833
340223193711100057
32110219350614152X
340223195408131829
340223194009108125
340223193209106146
340223192103086111
340223193709256159
340223193806067114
340223193502260011
340223194104140027
340223194312180015
340223194312260015
34022319460901005X
34022319410305002X
340223193110070016
340223194807010018
340223193608022839
340223194303060011
340223193811080014
340223194706050010
340223194712060012
340223195107280011
340223195401250040
340223193610150039
340223194210100029
340223193211180011
340223192410200017
340223193707040039
34022319561223004X
340223195205074617
340223195307224110
340223195212283812
340223195312294615
340223195411294119
340223195501104614
340223196509094646
340223196305054124
340223195101244415
340223194902180015
340223195007291119
340223195312181135
340223195607232817
340223195409091419
340223196411230822
340223195502201416
34022319561028081X
34022319570408051X
340504192706210019
340223193704280512
340223193811110033
340223194008250058
34022319500129006X
340223195509250026
340223195512010031
340223193304140019
340223195512200038
340223196408070522
340223195111160522
340223194311010014
340223194401010069
340223194910280016
340223195409250037
340223192712120055
340223194812130022
340223195011195429
340223194705250053
340223196311126745
340223196410306741
340223194403287440
340223194809157427
340223195406157427
340223195704307446
340223194808027436
340223196507227425
340223196311250121
340223196210210024
340223195404228412
340223195106068414
340223194711172514
340223195211042523
340223194902232516
340223194911212517
340223195311112541
340223195302112515
340223196410102888
340223196311082826
340223195702172226
34022319500910281X
340223195103132214
34022319610511222X
34022319520723221X
340223196303131827
340223195501202214
34022319550217223X
340223195501137811
340223193011180519
340222195308105416
340223196312198425
340223195510178412
340223195408080865
340223194902168710
340223195702191822
340221195302016854
340223193109018114
340223193606013218
340223195008112522
340223194310227115
340223194610232530
340223194708012819
340223194812252513
340223194703168419
340223194206181110
340223194406241413
340223194401200014
34022319540720001X
340223193107050014
340223193607122539
340223194203100012
340223193801124618
340223193810170018
340223193809172876
340223194107055418
340223194102042853
340223194204142214
340223194203150511
340223194510151119
340223195102222816
340223193208150022
340223193308280019
340223194012038113
340223193604170025
34022319370626628X
340223193812280042
340223193712240027
340223194003140028
340202193606260022
340223193712190023
340223193707120020
340223192705202810
340223193801060028
340223193709150020
340223193711170020
340223193312275423
340223193411260024
340223193502080029
340223193512260023
340223192912070021
340223193801220028
340223192912040033
340202192905162022
340223194210136128
340223193802110023
340223193807140029
340223193704020040
340223193010302318
340223193607073220
340223193708280026
340223193710010025
340223193508020027
340223193201090012
340223194307086120
340223194001110028
340223193710230028
340223193908120043
340223193010091418
340223193801180046
340223194108010035
340223194006100021
340223194010100024
340223194409170040
340223194011262228
340223193509060047
34022319410321002X
340223194109110011
340223194102140023
340223194012210024
340223193105025114
340223193907180028
340223194101100046
340223194009270026
340223193206034618
340223194110190020
340223194012010022
340223194009200028
34022319401124322X
340223193506140025
34022319411025002X
340223194603180023
340223194107060014
340223194210180014
340223194208130026
340223194310120027
340223193909230017
340223193207120016
340223193212010014
34022319380206002X
340223193711020030
340223194212283228
340223193310040057
340223193504055417
340223193302110019
340223194304130042
340223193406120019
34022319370311001X
340223194403215842
340223194104133214
340223193308086734
340223193211085110
340223194403120026
340223194308150526
340223194302036722
340223194309030526
340223194312057420
340223193312020033
340223193404265118
340223194602050024
340223194112283212
34022319440301002X
340223193606170010
340223193703150011
340223194509210011
340223193508142219
340223194510100020
340223194408160027
340223194109150021
340223194410220025
34022319441013002X
340223194006040022
340223194411186121
340223193707160014
340223194102180017
340223194712161411
340223195112100062
340223194003280012
340223193505040014
34022319440811002X
340223194509216122
340223195104110017
34022319450403002X
340223194701086428
340223194011230816
340223193512140515
34022319461129002X
340223194911076164
340223194410270022
340223194602140046
340223194602102568
340223194510110026
340223194602080020
34022319410225002X
340223194710220043
34022319460812002X
340223194608230042
340223194608050025
34022319530718004X
340223194609263225
340223194607290043
340223194609100020
340223194605250021
340223194308270528
340223194105200028
422130194611066028
340223194609280025
340223194512170022
340223195206100012
340223194610250026
340223194612150045
34022319470210582X
340223194710147421
340223193612290035
340223194305010026
340223194711020027
340223195012290022
34022319370426001X
340223194301300018
34022319450717001X
340223194908010025
340223195111260021
34022319520201001X
340223194903080024
340223195006210022
340223194705010025
340223194708050524
340223194702040026
422130194706236026
340223194708232248
340223194709010022
340223194311070025
340223195211270024
340223194709170026
340223193709100015
340223194708200027
340223194712210025
340223194403010038
340223194904230020
340223194711088128
340223194906170041
340223193705183212
34022319480725002X
340223194212270048
340223194704090027
340223193805170013
340223194807100021
340223194807230029
340223193808194635
340223194810052825
340223194710130021
340223194701170021
340223194611070027
34022319480113006X
340223193801084150
340223194906210023
340223194401280026
340223194904070020
340223194911104620
340223194901090026
340223194910280024
340223193902090015
340223194902040020
34022319491125002X
340223194808164123
340223194112230022
340223194902050026
340223194903050028
340223194009090025
340223194212124622
340223194907220020
340223194803210020
340223194909150062
340223194909020022
340223193910140019
34022319501020002X
340223195004180042
340223195005050063
340223195005140026
340223194005210026
340223195007080522
340223195411240049
340223194905190024
340223195008280024
340223195305140028
340223195211260029
340223194009137815
340223195109070026
340223195009010042
340223195112080022
340223195009240024
340204195209281024
340223195009135427
340223194409250016
34022319520205002X
340223195101150021
340223194912150522
340223195010010023
340223195011080023
340223194012140011
340223195010310034
340223194103200016
340223194703100019
340223195110112844
340223195102100042
340223195101026741
340223195102084441
340221194103015758
340223195105260025
34022319410504001X
340223194105050517
34022319410619001X
340223195106010044
340223195106200040
340223194204160017
340223195108050023
340223195109273229
340223194601040019
340223195109180524
340223195110180062
340223194410060033
340223194110120014
340223194009230016
340223195104230043
340223194111050011
340223194207260013
34022319540601002X
340223194612060015
340223195210040024
340223195202090021
340223195203030047
340223195201080040
340223193702130027
340223194205140018
340223195006136723
340223194205170014
34022319520512002X
340223194810010027
340223195208120025
340223194207220038
340223195208140528
340223194504102855
340223195208130020
340223195208120041
340223195208180044
340223195209270025
340223194305174610
340223195408140047
340223195211010089
340223194011290034
340223195310120064
340204195301242626
340223195110270025
340223195302150044
34022319430214001X
340223194410150012
34022319430521001X
340223195304150021
340223195306010065
340223195307090028
340223194304176710
340223195403010024
340223195308170046
340223194309090510
340223195308160024
340204195308071022
340223195308280026
34022319420808009X
340223195310260067
340223195309023224
340223195309150047
340901195311050029
34022319530315002X
340223194311304119
340223194311150017
340223194811170014
340223194309150018
340223195311150521
340223194311015114
34022319491110003X
340223194312220013
340223195405299028
34022319540115004X
340223194610103210
340223195209110013
342529195401180026
340223195401250024
340223194401097117
340223194401150010
340223195401020026
340223194402182516
340223194711190026
340223194903060015
34022319540329002X
340223195404160024
340223195405040024
340223194909050037
340223194405101814
340223195305106727
340223195406130021
34022319560610002X
340223195211130048
340223195408140020
340223195406300529
340223195409010084
340223195409232226
340223194410260510
340223195710063281
340223195411090028
340223194911280050
340223195411300064
340223194411295117
340223195411110017
340223195412010026
340223194412230032
340223195608200040
340223194411065119
340223195501010028
340223194502147216
340223195102200019
340223194502220014
340223195001280013
34022319541014002X
340223195502193225
34022319550308002X
340223195501090523
340223195504160021
422130195808246043
340223195505160023
340223195505100020
340223195502210048
340223194505247415
340223195506173221
340223195506100049
340223195006150015
34022319500702001X
34022319550930002X
340223195509280049
340223194509050038
340223195510030020
340223195509090069
340223195505050043
340223196212150045
340223194409090016
340223195511228127
340223194511161415
340223194512270015
340223195512270044
340223194512030011
340223195512210527
340223195601280068
340223194601260038
340223195601110026
340223194602160012
340223195602160041
340223195602210029
34022319460202351X
34022319560207002X
340223195001270026
340223196104120025
340223195604270025
340223195603031428
34022319460414581X
340223195605010022
340223195605130024
340223194605236713
340223194605040016
340223195606200522
340223194608030016
340223195607080526
340223195106180035
340223195607158143
340223195607130044
340223195607292529
340223195106190014
340223194608290010
340223195608190022
340221195608241560
340223195609110020
340223194609296115
340223195609140043
340223195609050021
340223194609143514
340223194611010059
340223195610270021
34022319461113051X
340223195208090057
340223195610203224
340223195610270048
340223195610200023
340223194611040514
340223195111280014
340223195411050026
340223194612143216
340223195612050049
340223194612012814
340223195201120014
340223195011180016
340223195612110021
340223194701290015
340223194701150039
340223195702010526
340223195703040065
340223195703303224
340223195703120022
340223195703230029
340223195703010042
34022319570326582X
340223195705280046
340223195706035421
340223195706260020
340223194706012815
340223195707102526
340223195707190028
340223195607030027
340223194707230013
340223195207100014
340223195208290016
34022319470929511X
340223195709130029
340223194709102517
340223196209140049
34022319470910001X
340223195710300021
340202195604192029
34022319471008001X
340223195710140021
340223195710010040
340223195710210026
340223194701048413
340223195711040022
340223195711280042
340223195211260010
340223195703050028
34022319521220001X
340223195212290035
340223195712010028
340223195712220025
340223194710200018
340223195709135137
340703195712124043
340223195801270040
340223194802110036
340223194802290014
340223195802020027
340223195803080021
340223195702090044
340223194803090014
330326196304278129
340223195804050027
340223195804217421
340223194804100034
340223195803077121
340223195805152527
340223195805250047
340223195805220040
340223195806120025
340223195306160012
340223194708100018
340223195807170040
340223194807030035
340223195807010020
340223195712255113
340223195807240029
340223195808140062
340223194808240034
340223195308150037
340223195807080029
340223194803266737
340223194808270014
340223194809161418
340223194809050013
340223195808280049
340223195809267823
340223196310070022
340223194809144634
340223195810260020
340223194810228114
340223195810161823
340223194811112316
340223195812170029
34022319581217322X
340223194812030013
340223194812215819
34022319490102001X
340203195809302080
340223195801270024
340223194901227117
340223194901010057
340223195902067826
340223195902120041
340223194802130010
340223195902130020
340223194902221833
340223195104200039
340223195903300028
34022319490401001X
340223195904012220
340223196403157821
340223195908040026
34022319540912003X
340223195909100027
340223194909280019
34022319590925902X
34022319561214001X
34022319620908012X
34022319541110002X
340223195911170024
340223194911293214
340223195412040057
340223195912160047
340223194912170013
34022319491201001X
340223194912014416
340223195409240058
340223196001124621
340223195001060037
34022319600106004X
340203196001180521
340223195001100019
340223196002064624
340223195505050078
340223196006230028
340223195006200019
340223195711110019
340223195006030531
340223195411290046
340223195602163218
340223195007020036
340223196007316720
340223195712300033
340223196011153522
340223195001060010
430404195105172029
342529195109200050
340223195802245429
340223194811270015
342901195911265826
340223195512060522
340223195407010048
340223195012240017
340223194810010836
342529195406280042
340223195101250030
340203196101091905
340223196601190024
340223195102260011
340223195603020016
340223196103170020
340223196103130045
340223195104090511
340223196104103225
340223196104180028
340223195104060013
340223195707070026
340223196105210022
340223196105210049
340223196105270041
340223195606240014
340223196106050024
340223195104050018
340223196107270029
340223195107250015
340223195108180039
340223196108010026
340223195108204117
340223195109055416
340223195609090058
340223195109266133
340223195110010012
340223195110100034
340223195110025855
340223195111182510
340223195112283815
340223196110210027
340223196112035429
340223195112303214
34022319511220251X
34022319611212814X
340223195112126713
340223195112100011
340223196201010047
34022319520121001X
340223195202120016
340223196202090026
340223196204160526
340223195205170019
340223196204210060
340223195204170033
340223196204220023
340223194107150028
340223194509210038
340223194204100014
340223194112060019
340223194811100016
34022319470930002X
340223194512200017
34022319361101002X
340223193811120012
340223195611100024
340702195002212018
340223196205157222
340223196206230022
340223196206050021
340223195402090018
340223196206150022
340223196206100041
340223196206234648
340223195206030018
340223195407090033
340223195206030050
34022319620716002X
340223196207020043
340223196207149023
340223196207220045
340223195207137415
340223196207190069
340223196208206720
340223195708080015
340223195709190013
340223196209230028
340223196210273244
340223196209294128
340223195210101413
340223195209173217
340223196210110066
340223195310082811
340223196210047423
340223196206300043
340223196210101426
340223196211248147
34022319621120008X
34022319521103745X
340223196211043221
340223196210111421
34022319521121003X
340223195710120012
340223196212069028
340223196210020087
340223194702280011
340223196212300525
34022319350505001X
340223196212040049
340223196212160040
340223196212200065
340223196402060024
340223196301120067
340223195301100037
340223196301120040
340223196301150020
342529196301041429
340223196302080028
340223195402220038
34022319630211614X
340223195302100039
340223196302280062
340223196302180029
340223195302198419
340223196303040060
342522196303060020
340223196303250025
340223196303090025
340223195803070034
340223196303010021
340223195303130010
340223195304190015
340223195308012216
340223195304240019
340223195304170030
340223196304250043
340223196304240048
34022319530426001X
340223196304300020
340223196304123829
34022319630425006X
340223195305040019
340223196305290020
340223196305240023
340223196305010041
340223195305290018
340223196305140022
340223196306260026
340223196306050045
340223196309150068
340223196403136721
340223196201183220
340223195602202221
340223195007138712
340223196704176129
340223194808034628
340223195010200011
340223194507164410
340223195206228120
340223194807281117
340223195305204626
340223195710066124
340223195806212229
340223195802131827
340223196109168722
340223196206232247
340223195804112224
340223195806217441
340223196904103223
340223196007142222
340223195912255126
340223196206197840
340223196206116123
340223196005131124
340223196207160820
340223195708058424
340223195208254613
340223195708025825
340223195709211443
340223196205182225
34022319620901144X
340223196207092549
340223196207231860
340223195709032226
340223195810316127
340223196206166120
340223196210180822
340223195311064615
340223196210202243
340223196001298429
340223195209232213
340223196207148426
340223196211288448
340223195211206719
340223195612232520
340223196206186121
340223195712142522
34022319610520612X
340223196208292825
340223195806032527
340223196007102247
340223196003221126
340223196210092224
340223196103112226
340223196201301848
340223196003082824
340223195806290825
340223196206102549
340223196209022544
340223196204096720
340223195212202816
340223196208162326
340223196208042527
340223196212246725
340223196212180527
340223196211162327
340223196210092240
340223196201202241
340223196212168122
340223196212226425
34022319611129252X
340223196209112240
340223196207246149
340223196302282869
340223196206252520
340223196108122829
340223196006131425
340223196212212226
340223196206266148
340223196111076122
340223196210134623
340223196212060525
340223196301200104
340223196208164129
340223196302282842
340223195303286410
340223196209152568
340223195804077828
340223196107072823
340223196105076126
340223196303168128
340223196211120821
340223196102106422
340223196212046125
340223196207202525
340223195805082223
340223195809186724
340223196208182327
340223195909102225
340223195302040814
340223196303122568
340223196103073845
340223196211092242
340223196105130823
340223196303246763
340223196302136140
340223195303122811
340223196210142527
340223195810115448
340223196301216149
340223196302175123
340223195304192512
340223196209101824
340223195908292821
34022319580918282X
340223195808148128
340223196301032526
340223196303152329
340223195909072847
340223196210066720
340223196107106122
340223196302101423
340223195305172812
340223196207144142
34022319620813144X
340223196210172240
340223196210061823
340223196305216728
340223196208011448
340223196103261125
340204196109280328
340223196004226121
340223195902162823
340223195808022525
340223195306291119
340223196212205421
340223196211012847
340223196206082824
340223196201016123
340223196306238427
340223196112195449
340223196303158421
340223196211162343
340223196012151828
340223196302202523
340223196302118428
340223196206091843
340223196106076726
340223196307020526
340223196307230523
340223195807150824
340223196303216142
340223196303052221
340223196007215129
340721196207213042
340223196210026120
340223196308140829
340223196302082226
340223196206251122
340223195811133824
340223195808218421
340223196304012547
340223196207132264
340223196307272846
340223195308052517
340223196202070527
340223196302218445
340223196307102820
34022319621028252X
340223196210013821
340223196201252521
340223196208168728
340223196108152526
340223195905052822
340223196003292821
340223195912076128
340223195909022364
34022319530917281X
340223196102162520
340223196301222223
340223196209275445
340223196309272524
340223196301033828
340223196309272540
340223195811022825
34022319631019712X
34022319620616642X
340223196112290825
34022319631013812X
340223196309202227
340223196208122826
340223196209302829
340223196208185421
340223196209032523
340223196209115126
340223195811202826
340223196302072845
340223196208122228
340223196306252229
340223196112066129
340223196204286428
340223195810297827
340223196301282269
340223196310271123
340223196305037420
340223196202112328
340223196309082843
340223196210161808
340223195901168721
340223196304052522
34022319620810744X
340223196007085424
340224196204164427
340223196207222825
340223196305056429
340223195311103231
340223195311068114
340223196309178140
340223195907272829
340223196205212826
34022319621007742X
340223196311035122
340223196204275825
340223196303122584
340223196212122845
340223196307132528
340223196205037124
340223196001181829
340223196303142227
340223196105031120
340223196010022520
340223196301212826
340223196301306443
340223196306032525
340223196311236127
340223196102092227
340223196207172223
340223196302036123
340223196209022587
340223196309212521
340223196302136124
340223196207306121
340223196212012523
340223196301202329
340223196212167429
340223196204022828
340223196111282823
340223196102162221
340223196309252224
340223196008182226
340223196006274629
340223196208238124
340223196302237822
34022319630608742X
340223196307152860
340223195910102222
340223196206276127
340223195401170518
340223196310106144
340223196009171828
340223196401115126
340223196111208121
340223196303146121
340223196203155426
340223196312090844
34022319630225282X
340223196210282829
340223196212062221
340223196303256128
340223196401116129
34022319631007252X
340223196203016127
340223196403216166
340223196101146123
34022319620628002X
340223196312213525
340223196303272240
34022319640421084X
340223196305292544
340223196211196121
340223196108104444
340223196310136183
340223196103092544
340223195404112217
340223196107271822
340223195403262512
340223195404232219
340223196203121824
340223196210288147
340223196211145885
340223196304144662
34022319630113782X
340223196405262828
340223196310235122
340223196401096121
340223196207156143
340223196009122225
340223196108156121
340223196205028420
340223196301136122
340223196304042228
340223196204192229
340223196004152820
340223196312282248
340223196203052320
34022319610917222X
340223196104031823
340223196309282220
340223196207161823
340223196407171129
340223196312091820
340223196005152849
34022319630807258X
340223196408257127
340223196211226124
34022319630320642X
340223196408195421
340223196306212868
340223196301111128
340223196409102821
340223195409274135
62270119620810292X
340223196207147423
340223196410196124
340223196410056121
34022319600403842X
340223196306276124
340223196206034128
34022319540919141X
340223195411076111
340223196411286121
340223196411012542
340223196202194124
340223196303257120
340223196304030526
340223196102214124
340223196402102247
340223196205072229
34112519630428580X
340223196404122823
340223196002240827
340223196009041126
340223196409271123
340223196412080029
340223196308026145
340223196310032827
340223196307234647
340223196311274123
340223196309205823
340223196311078122
340223196501120029
340223195502012236
340223196411126128
340223196311302323
34022319640910582X
340223196203142828
34022319641008742X
340223196204081828
340223196210162245
34022319641228614X
340223196311202226
340223196208046165
340223196502256120
34022319610308742X
340223195504151416
340223196401276122
340223196504233221
340223196304146422
340223196210292242
340223196504132228
340223196406116160
34022319650208252X
34022319620103812X
34022319631218842X
340223196408116121
340223196304093228
34022319650216252X
340223196502108427
340223196205302821
340223196502106720
340223196202132329
340223196309033240
340223195506252210
340223196506221128
340223196312266125
340223196211016127
340223195806066129
340223195208012841
340223196507152822
340223196411184125
34022319600615722X
340223196304163249
34022319500107253X
340223195904142527
340223195607306126
340223195104138722
340223195311116729
340223195302026123
340223195205298725
340223195203136124
340223195606024426
340223195202010845
340223195701152522
340223195205112820
340223195505178442
340223195702194126
130323196004262428
340223195007126113
340223195905202827
340223195712216122
340223195108206120
340223195609124625
340223195711082820
34022319570530284X
340223195509092224
340223195412266128
340223195702111829
340223195310228729
340223195410198117
340223196507268446
340223196211237421
340223195409192228
340223195308292828
340223196507212821
340223195612228724
340223196408068422
340223196412252222
340223196508098725
340223195207304121
340223195305112529
340223195903052829
340223196312116127
340223195108152847
340223195806105423
340223195612298124
340223195201267147
340223195109242246
34022319470209282X
340223195702087427
34022319650726842X
340223195405058443
340223195310142829
340223195411258425
340223196508171849
340223194806246125
340223196303062825
340223196103134126
340223196303102225
340223195611222822
340223195507242823
340223195210072325
340223194911212234
340223196302112528
340223195707086722
34022319510424252X
340223195702280825
340223195003165414
340223195506302222
340223195603171121
340223195107122822
340223195207072527
340223196204146142
340223196408152843
340223195209097429
34022319571129222X
340223194912126119
340223196212296124
34022319570422742X
340223195708266143
340223195709165440
340223194708226112
340223195307028128
340223194909188722
340223196409182227
340223195107252221
340223195210242822
340223195206292827
340223196303142323
340223196409012826
340223196509075445
34022319550525111X
340223196509241845
340223196311162826
340223195309192220
340223195704197427
340223195201132226
340223195612012827
340223196509061422
340223195801048722
340223194602166131
340223195608192829
340223195211202523
340223196509011126
340223196308056141
340222196510201326
340221196510040220
34022319650908232X
340223195501132826
340223195802165429
340223195301262829
340223195506072826
340223195209182826
340223195602058426
340223195705305426
340223195409117121
340223195504156129
34022319570531842X
340223196509125123
340223196509291420
340223195108275425
340223194612112815
340223195210167826
340223195805116120
340223195211267423
340223196105022224
340223195001287418
340223195407302825
340223196511020523
34022319641016224X
34022319570402282X
340223195402067424
340223195711045122
340223194912148430
340223195807155123
340223195203315421
340223195206262222
34022319550602842X
340223195408242529
340223196007202520
340223194611248411
340223195709108120
340223195410258124
340223196511110043
340223195703025420
340223195807202225
340223196507130527
340223196511042386
340223196511280528
340223195309210820
340223195502017440
340223196005171126
340223195712042521
340223195402188429
34022319561029252X
340223195202122847
340223195401018129
340223195205142229
34022319541007742X
340223196311171423
340223194902155418
340223194909228720
340223195606245421
340223195412125448
34283019570810162X
340223195108202226
340223195305192223
340223195408102526
340223195508137822
340223196009123826
34022319550529542X
340223196005164129
340223195206090520
340223196310135164
340223195411112821
340223195709155824
340223195803114420
340223195511041119
340223196511058126
340223195702267129
34022319550304511X
340223195601266127
340223195511252813
340223195501192263
340223196511142520
340223196501085147
340223196511072323
340223195406162322
340223195408248429
340223195301230026
340223196512282824
340223196512236721
340223195506085416
340223195308201148
340223194811012518
340223195402122841
340223195012225423
340223196310203526
340223196512031427
340223194902232815
340223195708242221
340223194903282515
340223195608022221
340223195708295120
340223195411082829
340223195802082842
340223195808242827
340223195709212526
342529195310272224
340223195503221822
340223195807065427
340223195611075121
340223196502154124
340223195304102548
340223195703032524
340223195503311449
340223195108168128
34022319500903612X
340223196601117425
340223196601147448
340223195108082842
340223194604158418
340223195701177447
340223195401292822
34022319660109282X
340223195411148728
340223196601312247
340223196601145127
34022319621115612X
340223195205285828
340223195208272221
340223195609151121
340223195609065442
340223195201142264
340223195708235822
340223195311035849
340223196403024121
340223196502224663
340223196407133528
340223195609240829
340223196402023223
340223195703170521
340223195111115422
340223195912071124
340223196407183525
340223196604018748
340223196604155822
340223195410015448
340223195105231427
340223195208118443
340223196604071821
340223195211013845
340223196212034140
340223195811300821
340223196409104122
340223196201033521
340223196605161140
340223196603190060
340223195409091128
340223195605311423
340223196603030526
340223196202201128
340223195606160815
340223196308301127
340223194909101420
340223195203181427
340223196510183267
340223195608081416
340223195607080032
340223195609141118
340223196609291823
340223195306295427
340223196609271128
340223196610180821
340223195310017825
340223196610285826
340223196610213224
340223195910171121
340223195611236116
340223196607154622
340223195607095824
340223195104291129
340223195304118427
340223196611036143
340223196606131824
340223195612048416
340223196612085481
340223195612153523
340223196612011167
34022319580816112X
340223196409195124
34022319540713282X
340223196406214641
340223196705091821
34022319570816741X
340223196510220021
340223196504181468
340223196204248421
34022319380616001X
340223195306176129
340223196512292264
340223196708250023
340223196508086142
340223196703086121
34022319501222843X
340223195412236113
340223196212272528
340223195402113814
340223195707192218
340223196506262229
340223195608110010
340223196403158162
340223196201236126
340223195012262523
340223195203112528
340223194502230511
340223194806108419
340223194809256150
340223194403211112
340223195011242520
340223195101203242
340223195210080528
340223195110123244
340223194502220540
340223194908022843
340223194705081827
340223194612010819
340223194706122221
340223194707135438
340223194905310823
340223195109121129
340223195110052247
340223194011211818
340223194804282827
340223194510165828
340223195010282520
340223195209282827
340223194102192827
340223194502202211
340223195210148422
340223194611158416
340223195111088743
340223195205091126
340223194204148712
340223195101062224
340223195001182528
340223194701198710
340223194801222220
340223195211032325
340223194210181412
340223195105147444
340223195203087123
340223194502207426
340223195010161825
340223194702206129
340223194710080028
340223194506162819
340223194210102518
340223195210147462
340223194911244121
340223195104237421
340223194211142810
340223194610110023
340223194401177416
340223194807082820
34022319450202251X
340223194909072826
340223193809061420
340223194711168136
340223194012010049
340223194112270024
340223194811160027
340223194010271413
34022319521018284X
34022319430609281X
340223194612062520
340223194511240527
340223194605222215
34022319530414676X
340223195304162225
340223194804192215
340223195306184620
340223195308051469
340223195308312227
340223195310261123
340223195311238726
340223195312157127
34022319500123712X
340223194605052826
340223195104018421
340223194709060046
340223195008152823
340223195006030021
340223194503161829
340223194604226142
340223194901315141
340223194311301823
340223194904288724
340223195012200525
340223194706062820
340223195008090028
340223194010102310
340223194806200020
34022319431206812X
340223193704032519
34022319430521642X
340223194902166723
340223193909040010
340223194305300023
340223195008227426
340223194911200022
340223194611272227
340223194507200522
34022319410819222X
340223195012171824
340223194309204629
34022319461225002X
340223194912057424
340223195011118124
340223194811102222
340223195105215427
34022319400920052X
340223194603050026
340223194808084625
340223195108180020
340223195312168766
340223194809027825
340223194105281825
340223194108040031
340223194102118424
34022319500212002X
340223194402230047
340223194907082529
340223194902058167
340223195005017423
340223194711202226
340223194602280022
34022319420110583X
340223194202070026
340223195102222322
340223194501202818
34022319380802541X
340223194506115422
34022319480221082X
340223195112294629
34022319490218282X
340223193712080043
340223195009080040
34022319500111674X
340223195010302229
340223195103154122
340223194001024613
340223193402122826
340223194806171426
340223194408071120
340223194808121828
340223194512074612
340223194801090512
340223195201164623
340223195202262524
340223195202288425
340223195203065821
340223194703207414
340223195204036125
340223195206067427
340223195208080027
340223195209145160
340223195010191426
34022319521121812X
340223195211262526
340223195211260520
340223195212181429
340223194712205410
340223195510252213
340223196603196147
340223195510152220
340223195411060021
340223195011087428
340223195205267427
340223195010147468
34022319540118221X
340223195509268410
34022319560211511X
340223196408080843
340223196503288466
340223194109116130
340223195807150023
340223195310302829
340223194102146126
340223194610048426
340223201209140018
34022319431103442X
340223194504191421
340223193411280041
340223193805060025
340223194911030043
340223193804070029
340223194711030022
34022319380724002X
340223192510260041
340223194205010029
340223194604158426
34022319450213612X
340223194905205820
340223194102196123
340223195109150042
340223194101200020
340223194103220025
340223192811240044
340223194910200020
340223193612307423
340223194511102829
340223195210268723
340223194106080021
340223194002120025
340223194410100023
340223194303050024
340223196302210013
340223194305200022
340223192810043524
340223194209108429
340223194811066129
340223194111160026
34022319350813004X
340223192912270023
340223195605060011
